First set for Jl = 1

Lanczos:
9×7 Matrix{Float64}:
 NaN      0.0            0.2         0.4         0.6         0.8          1.0
   4.0    9.71445e-15    0.09455     0.3964      0.91635     1.6452       2.56278
   6.0    0.907187       0.825987    0.575103    0.165987    0.380797     1.04788
   8.0    1.00308        0.932629    0.723941    0.397604    0.0291712    0.544621
  10.0    0.931262       0.869312    0.692982    0.424392    0.0764021    0.341888
  12.0    0.844503       0.78922     0.637736    0.41037     0.11717      0.234047
  24.0    0.78324      NaN         NaN         NaN         NaN          NaN
  32.0  NaN            NaN         NaN         NaN         NaN          NaN
  Inf     0.64657      NaN         NaN         NaN         NaN          NaN
Monte Carlo:
9×7 Matrix{Float64}:
 NaN      0.0         0.2         0.4         0.6         0.8          1.0
   4.0  NaN         NaN         NaN         NaN         NaN          NaN
   6.0  NaN         NaN         NaN         NaN         NaN          NaN
   8.0    1.00417     0.929166    0.720416    0.399166    0.0295837    0.542084
  10.0  NaN         NaN         NaN         NaN         NaN          NaN
  12.0  NaN         NaN         NaN         NaN         NaN          NaN
  24.0    0.782411    0.725983    0.588126    0.390983    0.134554     0.170446
  32.0  NaN         NaN           0.528856    0.356981    0.134481     0.132394
  Inf     0.647387    0.608498    0.486276    0.33072     0.136276     0.102613
  
  Now for Jl = 10
  
  Lanczos:
9×7 Matrix{Float64}:
 NaN      0.0       0.2       0.4       0.6       0.8       1.0
   4.0  112.5     112.405   112.104   111.584   110.855   109.937
   6.0   79.1418   79.0606   78.8097   78.4006   77.8538   77.1868
   8.0   61.3743   61.3039   61.0952   60.7689   60.3421   59.8266
  10.0   49.9517   49.8897   49.7134   49.4448   49.0968   48.6785
  12.0   42.1162   42.0609   41.9094   41.6821   41.3889   41.0377
  24.0   36.4128  NaN       NaN       NaN       NaN       NaN
  32.0  NaN       NaN       NaN       NaN       NaN       NaN
  Inf    28.6231  NaN       NaN       NaN       NaN       NaN
Monte Carlo:
9×7 Matrix{Float64}:
 NaN      0.0       0.2       0.4       0.6       0.8       1.0
   4.0  NaN       NaN       NaN       NaN       NaN       NaN
   6.0  NaN       NaN       NaN       NaN       NaN       NaN
   8.0   61.3754   61.3004   61.0917   60.7704   60.3417   59.8292
  10.0  NaN       NaN       NaN       NaN       NaN       NaN
  12.0  NaN       NaN       NaN       NaN       NaN       NaN
  24.0   36.412    36.3555   36.2177   36.0205   35.7641   35.4591
  32.0  NaN       NaN        31.8723   31.7004   31.4779   31.2111
  Inf    28.6239   28.585    28.4628   28.3072   28.1128   27.8739


And with Jl = 0.1

Lanczos:
9×7 Matrix{Float64}:
 NaN      0.0        0.2        0.4        0.6        0.8        1.0
   4.0   11.25      11.3445    11.6464    12.1663    12.8952    13.8128
   6.0    6.91628    6.99748    7.24836    7.65748    8.20426    8.87134
   8.0    5.03405    5.1045     5.31318    5.63952    6.0663     6.58175
  10.0    3.97078    4.03273    4.20906    4.47765    4.82564    5.24393
  12.0    3.28267    3.33795    3.48943    3.7168     4.01       4.36122
  24.0    2.77972  NaN        NaN        NaN        NaN        NaN
  32.0  NaN        NaN        NaN        NaN        NaN        NaN
  Inf     2.15108  NaN        NaN        NaN        NaN        NaN
Monte Carlo:
9×7 Matrix{Float64}:
 NaN      0.0        0.2        0.4        0.6        0.8        1.0
   4.0  NaN        NaN        NaN        NaN        NaN        NaN
   6.0  NaN        NaN        NaN        NaN        NaN        NaN
   8.0    5.03296    5.10796    5.31671    5.63796    6.06671    6.57921
  10.0  NaN        NaN        NaN        NaN        NaN        NaN
  12.0  NaN        NaN        NaN        NaN        NaN        NaN
  24.0    2.78054    2.83697    2.97483    3.17197    3.4284     3.7334
  32.0  NaN        NaN          2.60549    2.77736    2.99986    3.26674
  Inf     2.15026    2.18915    2.31137    2.46693    2.66137    2.90026


